.i 6
.o 4
.ilb a2 a1 a0 b2 b1 b0
.ob s3 s2 s1 s0
000000 0000
000001 0000
000010 0000
000011 0000
000100 0000
000101 0000
000110 0000
000111 0000
001000 0000
001001 0001
001010 0010
001011 0011
001100 0100
001101 0101
001110 0110
001111 0111
010000 0000
010001 0010
010010 0100
010011 0110
010100 1000
010101 1010
010110 1100
010111 0001
011000 0000
011001 0011
011010 0110
011011 1001
011100 1100
011101 0010
011110 0101
011111 1000
100000 0000
100001 0100
100010 1000
100011 1100
100100 0011
100101 0111
100110 1011
100111 0010
101000 0000
101001 0101
101010 1010
101011 0010
101100 0111
101101 1100
101110 0100
101111 1001
110000 0000
110001 0110
110010 1100
110011 0101
110100 1011
110101 0100
110110 1010
110111 0011
111000 0000
111001 0111
111010 0001
111011 1000
111100 0010
111101 1001
111110 0011
111111 1010