400 1920
0 0 5
0 1 -1
0 20 -1
1 0 -1
1 1 5
1 2 -1
1 21 -1
2 1 -1
2 2 5
2 3 -1
2 22 -1
3 2 -1
3 3 5
3 4 -1
3 23 -1
4 3 -1
4 4 5
4 5 -1
4 24 -1
5 4 -1
5 5 5
5 6 -1
5 25 -1
6 5 -1
6 6 5
6 7 -1
6 26 -1
7 6 -1
7 7 5
7 8 -1
7 27 -1
8 7 -1
8 8 5
8 9 -1
8 28 -1
9 8 -1
9 9 5
9 10 -1
9 29 -1
10 9 -1
10 10 5
10 11 -1
10 30 -1
11 10 -1
11 11 5
11 12 -1
11 31 -1
12 11 -1
12 12 5
12 13 -1
12 32 -1
13 12 -1
13 13 5
13 14 -1
13 33 -1
14 13 -1
14 14 5
14 15 -1
14 34 -1
15 14 -1
15 15 5
15 16 -1
15 35 -1
16 15 -1
16 16 5
16 17 -1
16 36 -1
17 16 -1
17 17 5
17 18 -1
17 37 -1
18 17 -1
18 18 5
18 19 -1
18 38 -1
19 18 -1
19 19 5
19 39 -1
20 0 -1
20 20 5
20 21 -1
20 40 -1
21 1 -1
21 20 -1
21 21 5
21 22 -1
21 41 -1
22 2 -1
22 21 -1
22 22 5
22 23 -1
22 42 -1
23 3 -1
23 22 -1
23 23 5
23 24 -1
23 43 -1
24 4 -1
24 23 -1
24 24 5
24 25 -1
24 44 -1
25 5 -1
25 24 -1
25 25 5
25 26 -1
25 45 -1
26 6 -1
26 25 -1
26 26 5
26 27 -1
26 46 -1
27 7 -1
27 26 -1
27 27 5
27 28 -1
27 47 -1
28 8 -1
28 27 -1
28 28 5
28 29 -1
28 48 -1
29 9 -1
29 28 -1
29 29 5
29 30 -1
29 49 -1
30 10 -1
30 29 -1
30 30 5
30 31 -1
30 50 -1
31 11 -1
31 30 -1
31 31 5
31 32 -1
31 51 -1
32 12 -1
32 31 -1
32 32 5
32 33 -1
32 52 -1
33 13 -1
33 32 -1
33 33 5
33 34 -1
33 53 -1
34 14 -1
34 33 -1
34 34 5
34 35 -1
34 54 -1
35 15 -1
35 34 -1
35 35 5
35 36 -1
35 55 -1
36 16 -1
36 35 -1
36 36 5
36 37 -1
36 56 -1
37 17 -1
37 36 -1
37 37 5
37 38 -1
37 57 -1
38 18 -1
38 37 -1
38 38 5
38 39 -1
38 58 -1
39 19 -1
39 38 -1
39 39 5
39 59 -1
40 20 -1
40 40 5
40 41 -1
40 60 -1
41 21 -1
41 40 -1
41 41 5
41 42 -1
41 61 -1
42 22 -1
42 41 -1
42 42 5
42 43 -1
42 62 -1
43 23 -1
43 42 -1
43 43 5
43 44 -1
43 63 -1
44 24 -1
44 43 -1
44 44 5
44 45 -1
44 64 -1
45 25 -1
45 44 -1
45 45 5
45 46 -1
45 65 -1
46 26 -1
46 45 -1
46 46 5
46 47 -1
46 66 -1
47 27 -1
47 46 -1
47 47 5
47 48 -1
47 67 -1
48 28 -1
48 47 -1
48 48 5
48 49 -1
48 68 -1
49 29 -1
49 48 -1
49 49 5
49 50 -1
49 69 -1
50 30 -1
50 49 -1
50 50 5
50 51 -1
50 70 -1
51 31 -1
51 50 -1
51 51 5
51 52 -1
51 71 -1
52 32 -1
52 51 -1
52 52 5
52 53 -1
52 72 -1
53 33 -1
53 52 -1
53 53 5
53 54 -1
53 73 -1
54 34 -1
54 53 -1
54 54 5
54 55 -1
54 74 -1
55 35 -1
55 54 -1
55 55 5
55 56 -1
55 75 -1
56 36 -1
56 55 -1
56 56 5
56 57 -1
56 76 -1
57 37 -1
57 56 -1
57 57 5
57 58 -1
57 77 -1
58 38 -1
58 57 -1
58 58 5
58 59 -1
58 78 -1
59 39 -1
59 58 -1
59 59 5
59 79 -1
60 40 -1
60 60 5
60 61 -1
60 80 -1
61 41 -1
61 60 -1
61 61 5
61 62 -1
61 81 -1
62 42 -1
62 61 -1
62 62 5
62 63 -1
62 82 -1
63 43 -1
63 62 -1
63 63 5
63 64 -1
63 83 -1
64 44 -1
64 63 -1
64 64 5
64 65 -1
64 84 -1
65 45 -1
65 64 -1
65 65 5
65 66 -1
65 85 -1
66 46 -1
66 65 -1
66 66 5
66 67 -1
66 86 -1
67 47 -1
67 66 -1
67 67 5
67 68 -1
67 87 -1
68 48 -1
68 67 -1
68 68 5
68 69 -1
68 88 -1
69 49 -1
69 68 -1
69 69 5
69 70 -1
69 89 -1
70 50 -1
70 69 -1
70 70 5
70 71 -1
70 90 -1
71 51 -1
71 70 -1
71 71 5
71 72 -1
71 91 -1
72 52 -1
72 71 -1
72 72 5
72 73 -1
72 92 -1
73 53 -1
73 72 -1
73 73 5
73 74 -1
73 93 -1
74 54 -1
74 73 -1
74 74 5
74 75 -1
74 94 -1
75 55 -1
75 74 -1
75 75 5
75 76 -1
75 95 -1
76 56 -1
76 75 -1
76 76 5
76 77 -1
76 96 -1
77 57 -1
77 76 -1
77 77 5
77 78 -1
77 97 -1
78 58 -1
78 77 -1
78 78 5
78 79 -1
78 98 -1
79 59 -1
79 78 -1
79 79 5
79 99 -1
80 60 -1
80 80 5
80 81 -1
80 100 -1
81 61 -1
81 80 -1
81 81 5
81 82 -1
81 101 -1
82 62 -1
82 81 -1
82 82 5
82 83 -1
82 102 -1
83 63 -1
83 82 -1
83 83 5
83 84 -1
83 103 -1
84 64 -1
84 83 -1
84 84 5
84 85 -1
84 104 -1
85 65 -1
85 84 -1
85 85 5
85 86 -1
85 105 -1
86 66 -1
86 85 -1
86 86 5
86 87 -1
86 106 -1
87 67 -1
87 86 -1
87 87 5
87 88 -1
87 107 -1
88 68 -1
88 87 -1
88 88 5
88 89 -1
88 108 -1
89 69 -1
89 88 -1
89 89 5
89 90 -1
89 109 -1
90 70 -1
90 89 -1
90 90 5
90 91 -1
90 110 -1
91 71 -1
91 90 -1
91 91 5
91 92 -1
91 111 -1
92 72 -1
92 91 -1
92 92 5
92 93 -1
92 112 -1
93 73 -1
93 92 -1
93 93 5
93 94 -1
93 113 -1
94 74 -1
94 93 -1
94 94 5
94 95 -1
94 114 -1
95 75 -1
95 94 -1
95 95 5
95 96 -1
95 115 -1
96 76 -1
96 95 -1
96 96 5
96 97 -1
96 116 -1
97 77 -1
97 96 -1
97 97 5
97 98 -1
97 117 -1
98 78 -1
98 97 -1
98 98 5
98 99 -1
98 118 -1
99 79 -1
99 98 -1
99 99 5
99 119 -1
100 80 -1
100 100 5
100 101 -1
100 120 -1
101 81 -1
101 100 -1
101 101 5
101 102 -1
101 121 -1
102 82 -1
102 101 -1
102 102 5
102 103 -1
102 122 -1
103 83 -1
103 102 -1
103 103 5
103 104 -1
103 123 -1
104 84 -1
104 103 -1
104 104 5
104 105 -1
104 124 -1
105 85 -1
105 104 -1
105 105 5
105 106 -1
105 125 -1
106 86 -1
106 105 -1
106 106 5
106 107 -1
106 126 -1
107 87 -1
107 106 -1
107 107 5
107 108 -1
107 127 -1
108 88 -1
108 107 -1
108 108 5
108 109 -1
108 128 -1
109 89 -1
109 108 -1
109 109 5
109 110 -1
109 129 -1
110 90 -1
110 109 -1
110 110 5
110 111 -1
110 130 -1
111 91 -1
111 110 -1
111 111 5
111 112 -1
111 131 -1
112 92 -1
112 111 -1
112 112 5
112 113 -1
112 132 -1
113 93 -1
113 112 -1
113 113 5
113 114 -1
113 133 -1
114 94 -1
114 113 -1
114 114 5
114 115 -1
114 134 -1
115 95 -1
115 114 -1
115 115 5
115 116 -1
115 135 -1
116 96 -1
116 115 -1
116 116 5
116 117 -1
116 136 -1
117 97 -1
117 116 -1
117 117 5
117 118 -1
117 137 -1
118 98 -1
118 117 -1
118 118 5
118 119 -1
118 138 -1
119 99 -1
119 118 -1
119 119 5
119 139 -1
120 100 -1
120 120 5
120 121 -1
120 140 -1
121 101 -1
121 120 -1
121 121 5
121 122 -1
121 141 -1
122 102 -1
122 121 -1
122 122 5
122 123 -1
122 142 -1
123 103 -1
123 122 -1
123 123 5
123 124 -1
123 143 -1
124 104 -1
124 123 -1
124 124 5
124 125 -1
124 144 -1
125 105 -1
125 124 -1
125 125 5
125 126 -1
125 145 -1
126 106 -1
126 125 -1
126 126 5
126 127 -1
126 146 -1
127 107 -1
127 126 -1
127 127 5
127 128 -1
127 147 -1
128 108 -1
128 127 -1
128 128 5
128 129 -1
128 148 -1
129 109 -1
129 128 -1
129 129 5
129 130 -1
129 149 -1
130 110 -1
130 129 -1
130 130 5
130 131 -1
130 150 -1
131 111 -1
131 130 -1
131 131 5
131 132 -1
131 151 -1
132 112 -1
132 131 -1
132 132 5
132 133 -1
132 152 -1
133 113 -1
133 132 -1
133 133 5
133 134 -1
133 153 -1
134 114 -1
134 133 -1
134 134 5
134 135 -1
134 154 -1
135 115 -1
135 134 -1
135 135 5
135 136 -1
135 155 -1
136 116 -1
136 135 -1
136 136 5
136 137 -1
136 156 -1
137 117 -1
137 136 -1
137 137 5
137 138 -1
137 157 -1
138 118 -1
138 137 -1
138 138 5
138 139 -1
138 158 -1
139 119 -1
139 138 -1
139 139 5
139 159 -1
140 120 -1
140 140 5
140 141 -1
140 160 -1
141 121 -1
141 140 -1
141 141 5
141 142 -1
141 161 -1
142 122 -1
142 141 -1
142 142 5
142 143 -1
142 162 -1
143 123 -1
143 142 -1
143 143 5
143 144 -1
143 163 -1
144 124 -1
144 143 -1
144 144 5
144 145 -1
144 164 -1
145 125 -1
145 144 -1
145 145 5
145 146 -1
145 165 -1
146 126 -1
146 145 -1
146 146 5
146 147 -1
146 166 -1
147 127 -1
147 146 -1
147 147 5
147 148 -1
147 167 -1
148 128 -1
148 147 -1
148 148 5
148 149 -1
148 168 -1
149 129 -1
149 148 -1
149 149 5
149 150 -1
149 169 -1
150 130 -1
150 149 -1
150 150 5
150 151 -1
150 170 -1
151 131 -1
151 150 -1
151 151 5
151 152 -1
151 171 -1
152 132 -1
152 151 -1
152 152 5
152 153 -1
152 172 -1
153 133 -1
153 152 -1
153 153 5
153 154 -1
153 173 -1
154 134 -1
154 153 -1
154 154 5
154 155 -1
154 174 -1
155 135 -1
155 154 -1
155 155 5
155 156 -1
155 175 -1
156 136 -1
156 155 -1
156 156 5
156 157 -1
156 176 -1
157 137 -1
157 156 -1
157 157 5
157 158 -1
157 177 -1
158 138 -1
158 157 -1
158 158 5
158 159 -1
158 178 -1
159 139 -1
159 158 -1
159 159 5
159 179 -1
160 140 -1
160 160 5
160 161 -1
160 180 -1
161 141 -1
161 160 -1
161 161 5
161 162 -1
161 181 -1
162 142 -1
162 161 -1
162 162 5
162 163 -1
162 182 -1
163 143 -1
163 162 -1
163 163 5
163 164 -1
163 183 -1
164 144 -1
164 163 -1
164 164 5
164 165 -1
164 184 -1
165 145 -1
165 164 -1
165 165 5
165 166 -1
165 185 -1
166 146 -1
166 165 -1
166 166 5
166 167 -1
166 186 -1
167 147 -1
167 166 -1
167 167 5
167 168 -1
167 187 -1
168 148 -1
168 167 -1
168 168 5
168 169 -1
168 188 -1
169 149 -1
169 168 -1
169 169 5
169 170 -1
169 189 -1
170 150 -1
170 169 -1
170 170 5
170 171 -1
170 190 -1
171 151 -1
171 170 -1
171 171 5
171 172 -1
171 191 -1
172 152 -1
172 171 -1
172 172 5
172 173 -1
172 192 -1
173 153 -1
173 172 -1
173 173 5
173 174 -1
173 193 -1
174 154 -1
174 173 -1
174 174 5
174 175 -1
174 194 -1
175 155 -1
175 174 -1
175 175 5
175 176 -1
175 195 -1
176 156 -1
176 175 -1
176 176 5
176 177 -1
176 196 -1
177 157 -1
177 176 -1
177 177 5
177 178 -1
177 197 -1
178 158 -1
178 177 -1
178 178 5
178 179 -1
178 198 -1
179 159 -1
179 178 -1
179 179 5
179 199 -1
180 160 -1
180 180 5
180 181 -1
180 200 -1
181 161 -1
181 180 -1
181 181 5
181 182 -1
181 201 -1
182 162 -1
182 181 -1
182 182 5
182 183 -1
182 202 -1
183 163 -1
183 182 -1
183 183 5
183 184 -1
183 203 -1
184 164 -1
184 183 -1
184 184 5
184 185 -1
184 204 -1
185 165 -1
185 184 -1
185 185 5
185 186 -1
185 205 -1
186 166 -1
186 185 -1
186 186 5
186 187 -1
186 206 -1
187 167 -1
187 186 -1
187 187 5
187 188 -1
187 207 -1
188 168 -1
188 187 -1
188 188 5
188 189 -1
188 208 -1
189 169 -1
189 188 -1
189 189 5
189 190 -1
189 209 -1
190 170 -1
190 189 -1
190 190 5
190 191 -1
190 210 -1
191 171 -1
191 190 -1
191 191 5
191 192 -1
191 211 -1
192 172 -1
192 191 -1
192 192 5
192 193 -1
192 212 -1
193 173 -1
193 192 -1
193 193 5
193 194 -1
193 213 -1
194 174 -1
194 193 -1
194 194 5
194 195 -1
194 214 -1
195 175 -1
195 194 -1
195 195 5
195 196 -1
195 215 -1
196 176 -1
196 195 -1
196 196 5
196 197 -1
196 216 -1
197 177 -1
197 196 -1
197 197 5
197 198 -1
197 217 -1
198 178 -1
198 197 -1
198 198 5
198 199 -1
198 218 -1
199 179 -1
199 198 -1
199 199 5
199 219 -1
200 180 -1
200 200 5
200 201 -1
200 220 -1
201 181 -1
201 200 -1
201 201 5
201 202 -1
201 221 -1
202 182 -1
202 201 -1
202 202 5
202 203 -1
202 222 -1
203 183 -1
203 202 -1
203 203 5
203 204 -1
203 223 -1
204 184 -1
204 203 -1
204 204 5
204 205 -1
204 224 -1
205 185 -1
205 204 -1
205 205 5
205 206 -1
205 225 -1
206 186 -1
206 205 -1
206 206 5
206 207 -1
206 226 -1
207 187 -1
207 206 -1
207 207 5
207 208 -1
207 227 -1
208 188 -1
208 207 -1
208 208 5
208 209 -1
208 228 -1
209 189 -1
209 208 -1
209 209 5
209 210 -1
209 229 -1
210 190 -1
210 209 -1
210 210 5
210 211 -1
210 230 -1
211 191 -1
211 210 -1
211 211 5
211 212 -1
211 231 -1
212 192 -1
212 211 -1
212 212 5
212 213 -1
212 232 -1
213 193 -1
213 212 -1
213 213 5
213 214 -1
213 233 -1
214 194 -1
214 213 -1
214 214 5
214 215 -1
214 234 -1
215 195 -1
215 214 -1
215 215 5
215 216 -1
215 235 -1
216 196 -1
216 215 -1
216 216 5
216 217 -1
216 236 -1
217 197 -1
217 216 -1
217 217 5
217 218 -1
217 237 -1
218 198 -1
218 217 -1
218 218 5
218 219 -1
218 238 -1
219 199 -1
219 218 -1
219 219 5
219 239 -1
220 200 -1
220 220 5
220 221 -1
220 240 -1
221 201 -1
221 220 -1
221 221 5
221 222 -1
221 241 -1
222 202 -1
222 221 -1
222 222 5
222 223 -1
222 242 -1
223 203 -1
223 222 -1
223 223 5
223 224 -1
223 243 -1
224 204 -1
224 223 -1
224 224 5
224 225 -1
224 244 -1
225 205 -1
225 224 -1
225 225 5
225 226 -1
225 245 -1
226 206 -1
226 225 -1
226 226 5
226 227 -1
226 246 -1
227 207 -1
227 226 -1
227 227 5
227 228 -1
227 247 -1
228 208 -1
228 227 -1
228 228 5
228 229 -1
228 248 -1
229 209 -1
229 228 -1
229 229 5
229 230 -1
229 249 -1
230 210 -1
230 229 -1
230 230 5
230 231 -1
230 250 -1
231 211 -1
231 230 -1
231 231 5
231 232 -1
231 251 -1
232 212 -1
232 231 -1
232 232 5
232 233 -1
232 252 -1
233 213 -1
233 232 -1
233 233 5
233 234 -1
233 253 -1
234 214 -1
234 233 -1
234 234 5
234 235 -1
234 254 -1
235 215 -1
235 234 -1
235 235 5
235 236 -1
235 255 -1
236 216 -1
236 235 -1
236 236 5
236 237 -1
236 256 -1
237 217 -1
237 236 -1
237 237 5
237 238 -1
237 257 -1
238 218 -1
238 237 -1
238 238 5
238 239 -1
238 258 -1
239 219 -1
239 238 -1
239 239 5
239 259 -1
240 220 -1
240 240 5
240 241 -1
240 260 -1
241 221 -1
241 240 -1
241 241 5
241 242 -1
241 261 -1
242 222 -1
242 241 -1
242 242 5
242 243 -1
242 262 -1
243 223 -1
243 242 -1
243 243 5
243 244 -1
243 263 -1
244 224 -1
244 243 -1
244 244 5
244 245 -1
244 264 -1
245 225 -1
245 244 -1
245 245 5
245 246 -1
245 265 -1
246 226 -1
246 245 -1
246 246 5
246 247 -1
246 266 -1
247 227 -1
247 246 -1
247 247 5
247 248 -1
247 267 -1
248 228 -1
248 247 -1
248 248 5
248 249 -1
248 268 -1
249 229 -1
249 248 -1
249 249 5
249 250 -1
249 269 -1
250 230 -1
250 249 -1
250 250 5
250 251 -1
250 270 -1
251 231 -1
251 250 -1
251 251 5
251 252 -1
251 271 -1
252 232 -1
252 251 -1
252 252 5
252 253 -1
252 272 -1
253 233 -1
253 252 -1
253 253 5
253 254 -1
253 273 -1
254 234 -1
254 253 -1
254 254 5
254 255 -1
254 274 -1
255 235 -1
255 254 -1
255 255 5
255 256 -1
255 275 -1
256 236 -1
256 255 -1
256 256 5
256 257 -1
256 276 -1
257 237 -1
257 256 -1
257 257 5
257 258 -1
257 277 -1
258 238 -1
258 257 -1
258 258 5
258 259 -1
258 278 -1
259 239 -1
259 258 -1
259 259 5
259 279 -1
260 240 -1
260 260 5
260 261 -1
260 280 -1
261 241 -1
261 260 -1
261 261 5
261 262 -1
261 281 -1
262 242 -1
262 261 -1
262 262 5
262 263 -1
262 282 -1
263 243 -1
263 262 -1
263 263 5
263 264 -1
263 283 -1
264 244 -1
264 263 -1
264 264 5
264 265 -1
264 284 -1
265 245 -1
265 264 -1
265 265 5
265 266 -1
265 285 -1
266 246 -1
266 265 -1
266 266 5
266 267 -1
266 286 -1
267 247 -1
267 266 -1
267 267 5
267 268 -1
267 287 -1
268 248 -1
268 267 -1
268 268 5
268 269 -1
268 288 -1
269 249 -1
269 268 -1
269 269 5
269 270 -1
269 289 -1
270 250 -1
270 269 -1
270 270 5
270 271 -1
270 290 -1
271 251 -1
271 270 -1
271 271 5
271 272 -1
271 291 -1
272 252 -1
272 271 -1
272 272 5
272 273 -1
272 292 -1
273 253 -1
273 272 -1
273 273 5
273 274 -1
273 293 -1
274 254 -1
274 273 -1
274 274 5
274 275 -1
274 294 -1
275 255 -1
275 274 -1
275 275 5
275 276 -1
275 295 -1
276 256 -1
276 275 -1
276 276 5
276 277 -1
276 296 -1
277 257 -1
277 276 -1
277 277 5
277 278 -1
277 297 -1
278 258 -1
278 277 -1
278 278 5
278 279 -1
278 298 -1
279 259 -1
279 278 -1
279 279 5
279 299 -1
280 260 -1
280 280 5
280 281 -1
280 300 -1
281 261 -1
281 280 -1
281 281 5
281 282 -1
281 301 -1
282 262 -1
282 281 -1
282 282 5
282 283 -1
282 302 -1
283 263 -1
283 282 -1
283 283 5
283 284 -1
283 303 -1
284 264 -1
284 283 -1
284 284 5
284 285 -1
284 304 -1
285 265 -1
285 284 -1
285 285 5
285 286 -1
285 305 -1
286 266 -1
286 285 -1
286 286 5
286 287 -1
286 306 -1
287 267 -1
287 286 -1
287 287 5
287 288 -1
287 307 -1
288 268 -1
288 287 -1
288 288 5
288 289 -1
288 308 -1
289 269 -1
289 288 -1
289 289 5
289 290 -1
289 309 -1
290 270 -1
290 289 -1
290 290 5
290 291 -1
290 310 -1
291 271 -1
291 290 -1
291 291 5
291 292 -1
291 311 -1
292 272 -1
292 291 -1
292 292 5
292 293 -1
292 312 -1
293 273 -1
293 292 -1
293 293 5
293 294 -1
293 313 -1
294 274 -1
294 293 -1
294 294 5
294 295 -1
294 314 -1
295 275 -1
295 294 -1
295 295 5
295 296 -1
295 315 -1
296 276 -1
296 295 -1
296 296 5
296 297 -1
296 316 -1
297 277 -1
297 296 -1
297 297 5
297 298 -1
297 317 -1
298 278 -1
298 297 -1
298 298 5
298 299 -1
298 318 -1
299 279 -1
299 298 -1
299 299 5
299 319 -1
300 280 -1
300 300 5
300 301 -1
300 320 -1
301 281 -1
301 300 -1
301 301 5
301 302 -1
301 321 -1
302 282 -1
302 301 -1
302 302 5
302 303 -1
302 322 -1
303 283 -1
303 302 -1
303 303 5
303 304 -1
303 323 -1
304 284 -1
304 303 -1
304 304 5
304 305 -1
304 324 -1
305 285 -1
305 304 -1
305 305 5
305 306 -1
305 325 -1
306 286 -1
306 305 -1
306 306 5
306 307 -1
306 326 -1
307 287 -1
307 306 -1
307 307 5
307 308 -1
307 327 -1
308 288 -1
308 307 -1
308 308 5
308 309 -1
308 328 -1
309 289 -1
309 308 -1
309 309 5
309 310 -1
309 329 -1
310 290 -1
310 309 -1
310 310 5
310 311 -1
310 330 -1
311 291 -1
311 310 -1
311 311 5
311 312 -1
311 331 -1
312 292 -1
312 311 -1
312 312 5
312 313 -1
312 332 -1
313 293 -1
313 312 -1
313 313 5
313 314 -1
313 333 -1
314 294 -1
314 313 -1
314 314 5
314 315 -1
314 334 -1
315 295 -1
315 314 -1
315 315 5
315 316 -1
315 335 -1
316 296 -1
316 315 -1
316 316 5
316 317 -1
316 336 -1
317 297 -1
317 316 -1
317 317 5
317 318 -1
317 337 -1
318 298 -1
318 317 -1
318 318 5
318 319 -1
318 338 -1
319 299 -1
319 318 -1
319 319 5
319 339 -1
320 300 -1
320 320 5
320 321 -1
320 340 -1
321 301 -1
321 320 -1
321 321 5
321 322 -1
321 341 -1
322 302 -1
322 321 -1
322 322 5
322 323 -1
322 342 -1
323 303 -1
323 322 -1
323 323 5
323 324 -1
323 343 -1
324 304 -1
324 323 -1
324 324 5
324 325 -1
324 344 -1
325 305 -1
325 324 -1
325 325 5
325 326 -1
325 345 -1
326 306 -1
326 325 -1
326 326 5
326 327 -1
326 346 -1
327 307 -1
327 326 -1
327 327 5
327 328 -1
327 347 -1
328 308 -1
328 327 -1
328 328 5
328 329 -1
328 348 -1
329 309 -1
329 328 -1
329 329 5
329 330 -1
329 349 -1
330 310 -1
330 329 -1
330 330 5
330 331 -1
330 350 -1
331 311 -1
331 330 -1
331 331 5
331 332 -1
331 351 -1
332 312 -1
332 331 -1
332 332 5
332 333 -1
332 352 -1
333 313 -1
333 332 -1
333 333 5
333 334 -1
333 353 -1
334 314 -1
334 333 -1
334 334 5
334 335 -1
334 354 -1
335 315 -1
335 334 -1
335 335 5
335 336 -1
335 355 -1
336 316 -1
336 335 -1
336 336 5
336 337 -1
336 356 -1
337 317 -1
337 336 -1
337 337 5
337 338 -1
337 357 -1
338 318 -1
338 337 -1
338 338 5
338 339 -1
338 358 -1
339 319 -1
339 338 -1
339 339 5
339 359 -1
340 320 -1
340 340 5
340 341 -1
340 360 -1
341 321 -1
341 340 -1
341 341 5
341 342 -1
341 361 -1
342 322 -1
342 341 -1
342 342 5
342 343 -1
342 362 -1
343 323 -1
343 342 -1
343 343 5
343 344 -1
343 363 -1
344 324 -1
344 343 -1
344 344 5
344 345 -1
344 364 -1
345 325 -1
345 344 -1
345 345 5
345 346 -1
345 365 -1
346 326 -1
346 345 -1
346 346 5
346 347 -1
346 366 -1
347 327 -1
347 346 -1
347 347 5
347 348 -1
347 367 -1
348 328 -1
348 347 -1
348 348 5
348 349 -1
348 368 -1
349 329 -1
349 348 -1
349 349 5
349 350 -1
349 369 -1
350 330 -1
350 349 -1
350 350 5
350 351 -1
350 370 -1
351 331 -1
351 350 -1
351 351 5
351 352 -1
351 371 -1
352 332 -1
352 351 -1
352 352 5
352 353 -1
352 372 -1
353 333 -1
353 352 -1
353 353 5
353 354 -1
353 373 -1
354 334 -1
354 353 -1
354 354 5
354 355 -1
354 374 -1
355 335 -1
355 354 -1
355 355 5
355 356 -1
355 375 -1
356 336 -1
356 355 -1
356 356 5
356 357 -1
356 376 -1
357 337 -1
357 356 -1
357 357 5
357 358 -1
357 377 -1
358 338 -1
358 357 -1
358 358 5
358 359 -1
358 378 -1
359 339 -1
359 358 -1
359 359 5
359 379 -1
360 340 -1
360 360 5
360 361 -1
360 380 -1
361 341 -1
361 360 -1
361 361 5
361 362 -1
361 381 -1
362 342 -1
362 361 -1
362 362 5
362 363 -1
362 382 -1
363 343 -1
363 362 -1
363 363 5
363 364 -1
363 383 -1
364 344 -1
364 363 -1
364 364 5
364 365 -1
364 384 -1
365 345 -1
365 364 -1
365 365 5
365 366 -1
365 385 -1
366 346 -1
366 365 -1
366 366 5
366 367 -1
366 386 -1
367 347 -1
367 366 -1
367 367 5
367 368 -1
367 387 -1
368 348 -1
368 367 -1
368 368 5
368 369 -1
368 388 -1
369 349 -1
369 368 -1
369 369 5
369 370 -1
369 389 -1
370 350 -1
370 369 -1
370 370 5
370 371 -1
370 390 -1
371 351 -1
371 370 -1
371 371 5
371 372 -1
371 391 -1
372 352 -1
372 371 -1
372 372 5
372 373 -1
372 392 -1
373 353 -1
373 372 -1
373 373 5
373 374 -1
373 393 -1
374 354 -1
374 373 -1
374 374 5
374 375 -1
374 394 -1
375 355 -1
375 374 -1
375 375 5
375 376 -1
375 395 -1
376 356 -1
376 375 -1
376 376 5
376 377 -1
376 396 -1
377 357 -1
377 376 -1
377 377 5
377 378 -1
377 397 -1
378 358 -1
378 377 -1
378 378 5
378 379 -1
378 398 -1
379 359 -1
379 378 -1
379 379 5
379 399 -1
380 360 -1
380 380 5
380 381 -1
381 361 -1
381 380 -1
381 381 5
381 382 -1
382 362 -1
382 381 -1
382 382 5
382 383 -1
383 363 -1
383 382 -1
383 383 5
383 384 -1
384 364 -1
384 383 -1
384 384 5
384 385 -1
385 365 -1
385 384 -1
385 385 5
385 386 -1
386 366 -1
386 385 -1
386 386 5
386 387 -1
387 367 -1
387 386 -1
387 387 5
387 388 -1
388 368 -1
388 387 -1
388 388 5
388 389 -1
389 369 -1
389 388 -1
389 389 5
389 390 -1
390 370 -1
390 389 -1
390 390 5
390 391 -1
391 371 -1
391 390 -1
391 391 5
391 392 -1
392 372 -1
392 391 -1
392 392 5
392 393 -1
393 373 -1
393 392 -1
393 393 5
393 394 -1
394 374 -1
394 393 -1
394 394 5
394 395 -1
395 375 -1
395 394 -1
395 395 5
395 396 -1
396 376 -1
396 395 -1
396 396 5
396 397 -1
397 377 -1
397 396 -1
397 397 5
397 398 -1
398 378 -1
398 397 -1
398 398 5
398 399 -1
399 379 -1
399 398 -1
399 399 5
